346
2408
4185
5048
5408
5686
8775
9923
9932
10155
10604
12494
12695
12930
14975
18587
20672
21826
22853
23719
26861
27013
27077
27390
31025
31042
31290
31295
31616
31984
33168
36158
36552
39229
39818
40131
40264
41206
41532
42908
43263
43329
44548
46144
48850
49395
52037
52898
52918
53032
54999
55011
55369
55840
56123
56651
58921
58934
59672
59789
60223
60377
60807
60822
61822
63490
64187
64900
65078
66160
66504
69469
69527
71577
71581
71659
73453
74567
75344
76518
77409
78063
80781
80970
80970
81178
81937
83456
83802
84060
85641
86460
87312
87916
88380
89672
89684
90712
90896
91479
94710
96485
97030
98917
101023
101972
102504
103477
105491
106593
107223
107508
108104
108394
109778
110175
112014
112120
112762
118092
119251
119861
121181
122329
123939
125103
126734
127400
127519
128378
129738
130455
130894
130944
131252
131547
131606
132490
133000
133352
134846
135033
135372
135760
135783
136011
136311
136906
138133
138653
139094
139354
139610
141453
141740
143063
143279
144443
144616
146189
146755
150373
151103
153515
153843
154060
154121
155072
157880
158399
160103
163536
163612
164350
164487
165760
166213
167370
167854
168730
169875
170594
171484
173330
173768
175116
175559
178566
178606
183419
183457
186227
187219
187563
190112
195245
195910
198711
198829
199562
201515
201803
202338
205303
207482
207579
209930
210555
210558
212384
213406
214749
215961
216026
216103
218018
218599
219715
220577
220998
221478
221517
222143
222643
223018
223549
223557
224343
225850
227526
229544
230188
230339
230586
230948
231951
232094
232257
232308
232479
233690
233730
233763
235714
236204
236460
238471
240764
241635
242259
242554
243815
245942
247323
247660
249821
250338
250744
252066
252538
252823
252980
253431
253757
256048
258212
258950
259474
260585
261888
261953
262564
262680
264548
264603
264689
265000
266153
267592
268278
268462
268473
268795
269054
269118
270285
271898
272152
275471
276152
276342
278119
278887
280484
280748
280832
282212
283420
284066
286961
288067
288109
288254
288434
288502
288749
288931
288945
289074
289440
290102
290307
299586
300279
302250
302331
302499
303735
304011
305286
306282
306537
307287
309054
311442
312340
312380
313298
313593
315831
316371
316419
317923
318004
318709
318945
321843
322962
323290
323621
324477
325250
325418
325955
327985
328733
328825
330557
330777
331422
334450
335683
336595
337851
341115
344881
344945
346610
348149
348321
349289
350534
351109
351687
352051
352546
352837
353124
353912
355975
356459
356669
357060
357340
357745
361303
361425
362297
364416
364965
365688
366577
367149
367581
368016
370378
370801
371060
372204
372389
376884
377551
379306
379416
379859
380578
380594
381111
381971
382066
382176
383777
385105
385669
389630
391519
394758
395062
397253
397479
397609
397632
400283
401052
401418
401636
402734
403617
403676
404946
408735
410414
410560
410737
411069
412122
413582
414040
414626
416893
418272
418654
421011
421587
421665
422422
423330
424970
427083
427151
427370
428350
429717
433646
433945
435027
436337
436514
436967
438715
439089
439694
440743
440999
441819
442328
442767
443688
443716
443991
444172
444924
445679
446318
447110
447396
448301
450424
450493
451470
452142
452993
454864
458496
465658
465809
466013
467012
467603
469849
470057
470125
470877
472141
473887
474402
474691
475628
475895
476779
477043
477824
477883
479125
480812
481302
481432
486324
489127
489930
490767
492335
495637
497628
497718
501467
501485
501819
504463
505652
507048
508065
508348
508509
509052
512972
513000
513427
516780
516873
517574
517719
517771
519873
520468
521662
522734
525900
529311
529445
530182
530808
531154
537638
538142
539098
540551
541077
542255
542995
547193
548897
549016
550638
551493
554258
554709
555085
557270
558145
559337
561155
561909
561964
562316
562567
563831
564569
565157
566416
567611
568715
568949
569319
569706
571879
572911
574306
574868
574946
575672
576191
578801
579141
579785
582702
584291
584946
587784
588170
588942
589768
590681
591238
591697
592137
592984
597219
598963
600070
600322
600755
600903
601132
601371
605468
605500
605802
607029
607137
607139
607932
610090
610354
611736
614462
615092
616940
617424
617617
617635
617960
618490
618972
621180
621250
622250
625058
625100
625376
626020
628702
629034
629139
633935
635358
636507
636862
638639
640990
641651
641693
641975
644006
644672
645382
647765
648419
650688
653205
653206
656291
656292
656294
656574
658763
659568
660247
661605
662204
662919
663711
666944
667382
667992
668558
670622
671398
671512
672247
673358
674668
675252
675899
676978
677941
679022
680077
680535
680930
681011
681318
682052
683835
684000
684736
687065
687530
690482
691346
691779
693612
694156
695708
696781
697149
697810
699002
699778
703778
704193
704716
706376
706821
707661
708620
709997
710691
710996
715641
716081
717844
719189
720730
721040
721140
721725
722492
723239
723824
724771
726289
726357
726755
728606
729002
729184
729488
730057
730682
731877
732532
733027
733058
735556
736122
736817
738120
738739
739114
741919
741922
744742
744797
745096
747121
747649
749019
749429
753056
753586
754384
755813
755871
755929
756217
757229
757714
757931
758116
758295
759201
764168
764584
764666
765025
765209
766833
768512
769765
771568
771844
773431
776915
776986
779145
779656
780748
781500
781591
782660
783214
783424
783841
784634
784639
785421
785597
786179
786830
788673
789099
790547
791391
792101
792555
792926
795401
797490
798535
798998
799652
801400
802075
802793
803190
803211
803804
804308
806639
807032
807213
807331
808236
808305
808634
809650
813349
813545
814902
816132
816136
820619
820819
823055
823776
823990
825916
826130
827072
828193
829738
829819
830340
831398
831816
833862
835459
838001
838385
838689
839363
839496
840917
842728
842788
843813
844066
844723
846211
846561
847481
848946
851587
852537
853056
853230
853267
855053
855380
857812
858694
860455
860861
861470
862666
862703
863215
863509
866366
866843
868110
869003
869121
869736
870628
871178
872216
873358
873718
875460
877131
878058
883250
883499
883914
884593
885934
889451
891227
893226
893741
894647
895281
895447
896838
897381
898615
899160
899335
901059
901241
901255
901265
903195
904923
905125
906346
906729
907544
908756
908768
909084
910920
911377
913866
914013
914257
916096
916564
917651
918303
920794
920911
922363
922578
924026
924572
925465
926520
929613
930402
930558
930945
931202
932173
932336
932500
932731
936353
937356
938296
938616
939314
941520
942736
945788
946630
948624
949311
950718
951252
953805
955307
955959
957655
958842
959561
959574
961036
961100
962238
963592
963713
963891
964209
965870
966640
966934
969079
970116
970598
970694
971030
971920
972726
973608
974267
974522
974811
976974
979402
980449
981105
981582
981650
981989
982743
985213
985623
985759
985996
987538
988043
988168
988214
989943
990390
991320
991423
992386
993824
993900
995215
995887
995988
996690
997332
997845
999025
999180
1000124
1000329
1001695
1002278
1003016
1003113
1003552
1004219
1005228
1005847
1005977
1008708
1009705
1010327
1013608
1015190
1016894
1017845
1019104
1020137
1020733
1021081
1022435
1024149
1024564
1025506
1025800
1026063
1026113
1026879
1026984
1028647
1034968
1036162
1036503
1037324
1037726
1038619
1040656
1041228
1041235
1041530
1042903
1044080
1044557
1045440
1046994
1047582
1047760
1048568
1048744
1049334
1049734
1050344
1051744
1052335
1052439
1053672
1053880
1054329
1054746
1058208
1059171
1060827
1062917
1062958
1063521
1066093
1066593
1067591
1070165
1071128
1071720
1071872
1071922
1073108
1073409
1073764
1075741
1076428
1077284
1079374
1080304
1081296
1082214
1082735
1083653
1084702
1084846
1085394
1089334
1089929
1091296
1092371
1093271
1097906
1098954
1101018
1101846
1102591
1102852
1103849
1104701
1109852
1111334
1111460
1112451
1112586
1113620
1114579
1116010
1116498
1116947
1116974
1119093
1119375
1119547
1121182
1122169
1127394
1127696
1131117
1132510
1134908
1137048
1139237
1141823
1142642
1143062
1143228
1143519
1144824
1146894
1147152
1148715
1150792
1151107
1152295
1152884
1153000
1155133
1155143
1155426
1158388
1158799
1158985
1159377
1160677
1161554
1161563
1162271
1163074
1166760
1167124
1167649
1168750
1169630
1171642
1171956
1172410
1172579
1173148
1175493
1176068
1177192
1178366
1179253
1180527
1180612
1183188
1186793
1188807
1189721
1190328
1190533
1190866
1191921
1195330
1195791
1197036
1198394
1199494
1199582
1199664
1200004
1200523
1201713
1201753
1203853
1203990
1206159
1209873
1214010
1214049
1214151
1215288
1215790
1216138
1216442
1218114
1218367
1219735
1220432
1223140
1224269
1226058
1226451
1228000
1228576
1228767
1229233
1229851
1232427
1233238
1233520
1233694
1234585
1239028
1240082
1241716
1244896
1245309
1245705
1247689
1248638
1249152
1251109
1251766
1254204
1254736
1256202
1257356
1257662
1258464
1260355
1262106
1266296
1267956
1268010
1268245
1268442
1268475
1268589
1269020
1269182
1269956
1270221
1271240
1272976
1273324
1273715
1274104
1274575
1275738
1275950
1276241
1278200
1278320
1278446
1278458
1278721
1278730
1280301
1281066
1281322
1282510
1283101
1283491
1285967
1288137
1288438
1289176
1291810
1294571
1294776
1294990
1296350
1297520
1297967
1301137
1301692
1303515
1304759
1305756
1306899
1307262
1307486
1308218
1308485
1317172
1317615
1321749
1323734
1324235
1328986
1329799
1329999
1330307
1330835
1333714
1334664
1335164
1335760
1336885
1337640
1339010
1339376
1340075
1340770
1341083
1342141
1342303
1343015
1343809
1344956
1345529
1346559
1347657
1350811
1350898
1351798
1352997
1354959
1355908
1356728
1356934
1360210
1360275
1360741
1361492
1361673
1363266
1364083
1364931
1366528
1367752
1368031
1369058
1369062
1369159
1369346
1369975
1370059
1370377
1371324
1376453
1376964
1377028
1378324
1378542
1379781
1382506
1384817
1386054
1386587
1389784
1389786
1390098
1390378
1390663
1390947
1391296
1392911
1394196
1394653
1394657
1396366
1396857
1396942
1397628
1397857
1401771
1402266
1405269
1406784
1407146
1408637
1409437
1411136
1412237
1413150
1414799
1415261
1416488
1417647
1417990
1418563
1418774
1420863
1420863
1421480
1422232
1423188
1423857
1426146
1427596
1427697
1428852
1430564
1430884
1432098
1436152
1436981
1437256
1438402
1438578
1439992
1440763
1441177
1443674
1451580
1452467
1452947
1452968
1456398
1459010
1460714
1462969
1464004
1464580
1465192
1465319
1466073
1467048
1468620
1469526
1469869
1471657
1471867
1472849
1473827
1474966
1475692
1475767
1476148
1476951
1477058
1477454
1478919
1479733
1479846
1480174
1480274
1480775
1481032
1482143
1482798
1483384
1483755
1484371
1486381
1486844
1487119
1487783
1488071
1488382
1490215
1492170
1492481
1492998
1493502
1493668
1494545
1496019
1499339
1499431
1500097
1500561
1501291
1501931
1503107
1503436
1504582
1504786
1505436
1505980
1506536
1507272
1507466
1508871
1509403
1509471
1512880
1513357
1513717
1514156
1516172
1517318
1518798
1520366
1521328
1523906
1524588
1524777
1525846
1526966
1527482
1528189
1528227
1528982
1529112
1529164
1529205
1529471
1529711
1529864
1531176
1531814
1532538
1532859
1535169
1535501
1535759
1541131
1541490
1542088
1545436
1546293
1547911
1550880
1552159
1552587
1552936
1553125
1553409
1554645
1558382
1558906
1559376
1562499
1563381
1563894
1564148
1565800
1567502
1568785
1569442
1572610
1572764
1574915
1576469
1576548
1576685
1578594
1578701
1580187
1581280
1581455
1584579
1586250
1586388
1586746
1589107
1590062
1590317
1591517
1591608
1594901
1595885
1598274
1598970
1599182
1599728
1599858
1600419
1601205
1602436
1603120
1603781
1606601
1606911
1607098
1607766
1608411
1608741
1609120
1609531
1609839
1610058
1611077
1612658
1613451
1615013
1615561
1615992
1616565
1617538
1617768
1618805
1619729
1619834
1623414
1623974
1623975
1624234
1624957
1625011
1625870
1626382
1626443
1627442
1627449
1627654
1628055
1632879
1633469
1634409
1634419
1634753
1635317
1638539
1638796
1640190
1643250
1644326
1644531
1645024
1646125
1646835
1646898
1648258
1649861
1650112
1650908
1651054
1651256
1652614
1653491
1654953
1657242
1657883
1661218
1662398
1664227
1664786
1666430
1666968
1667839
1669688
1669823
1670401
1670855
1673565
1674117
1676064
1676380
1676381
1676595
1677751
1678956
1679154
1679948
1681176
1682821
1682927
1682997
1684938
1687288
1687418
1688088
1690310
1690740
1691137
1691347
1691670
1691896
1696570
1697269
1701645
1703138
1704822
1704883
1705499
1705704
1706710
1706793
1709244
1710158
1710178
1711253
1711350
1711940
1712937
1713469
1713813
1714277
1714357
1714797
1714905
1715403
1715820
1716202
1716291
1716450
1716867
1717749
1717993
1718345
1718834
1719882
1720231
1720245
1720983
1721282
1722331
1724607
1724861
1725300
1725621
1726377
1728170
1729245
1737476
1737961
1738376
1738627
1739247
1740175
1740582
1741295
1741705
1742149
1742473
1743068
1743679
1743756
1745323
1745436
1745589
1745999
1746038
1747249
1747595
1748036
1748242
1750863
1752105
1752479
1757093
1757917
1758643
1759530
1760059
1760400
1761337
1762364
1763728
1764115
1764161
1764507
1765193
1766020
1766572
1767898
1775671
1775838
1776704
1777220
1778396
1778808
1779160
1779421
1780111
1782180
1783269
1783935
1789129
1790641
1790845
1793477
1795388
1795822
1796314
1797316
1797323
1797323
1797829
1798393
1799392
1801618
1802261
1802354
1803663
1803887
1804053
1804291
1805930
1806911
1807380
1807664
1808618
1811492
1813208
1813250
1815208
1815266
1816890
1817132
1817449
1818913
1821161
1824428
1825828
1828709
1828760
1829136
1829549
1830161
1830448
1830540
1833821
1834016
1834521
1834688
1834836
1835775
1837134
1837641
1838408
1838925
1841168
1842113
1842809
1843092
1843135
1843745
1843824
1843858
1844010
1845143
1847054
1847099
1849231
1852314
1852682
1852724
1853984
1854671
1856048
1857308
1858267
1858320
1858770
1860114
1861382
1862420
1862612
1862633
1864356
1866520
1866561
1866938
1867286
1867531
1867782
1868296
1869054
1869116
1869970
1870533
1871007
1872692
1873792
1874083
1874212
1874938
1876163
1876322
1877064
1877610
1877635
1877669
1878163
1878246
1880364
1881326
1883092
1883228
1884231
1884382
1884490
1884815
1885733
1885998
1886062
1886514
1886620
1887738
1888449
1888550
1889106
1889138
1890047
1891099
1892334
1893001
1896733
1897805
1899261
1899906
1900065
1900689
1901366
1902699
1905124
1906038
1908143
1910017
1910878
1911818
1912236
1912680
1912694
1913647
1914784
1916062
1920045
1920703
1922661
1923437
1924968
1926063
1927292
1927772
1928392
1931983
1934478
1934727
1934771
1936147
1936606
1938206
1942174
1946160
1946370
1948260
1949459
1950072
1950272
1951466
1952471
1954639
1954754
1955280
1955355
1956337
1956442
1957075
1957193
1957233
1957454
1958137
1958210
1959105
1961353
1961801
1962734
1962776
1963487
1963758
1967685
1968167
1968355
1968464
1972755
1972848
1974066
1974563
1975382
1979234
1980831
1981966
1983395
1984458
1990061
1991126
1991402
1992221
1993389
1993508
1996268
1996513
1997053
1997129
1997344
1997800
1999539
1999985
2001510
2001850
2002914
2003290
2006018
2006114
2006953
2009631
2011989
2013070
2015019
2015144
2015433
2016520
2017848
2018390
2019956
2022957
2024310
2024432
2024468
2024651
2026491
2027866
2027994
2029502
2030134
2030882
2031814
2032354
2032601
2032799
2035804
2036044
2036675
2036835
2038940
2040813
2041342
2041446
2044136
2044482
2045396
2048286
2048299
2049606
2049671
2051774
2054146
2056219
2057916
2058180
2063074
2063112
2063844
2067223
2068808
2069489
2070051
2071553
2072291
2075230
2075776
2075853
2075865
2075929
2076688
2078542
2078652
2080201
2080221
2080517
2081845
2081926
2082139
2082854
2082873
2084070
2087835
2092605
2092903
2093125
2093828
2094452
2095017
2095752
2095880
2096361
2097254
2098757
2100572
2102940
2103582
2103705
2103708
2104069
2104713
2105495
2106636
2109553
2110360
2110881
2112374
2112631
2113560
2114973
2116097
2116228
2116875
2117805
2118781
2119654
2121424
2121602
2122517
2122997
2124371
2125860
2126167
2126350
2128245
2128525
2128835
2128876
2129366
2129493
2132029
2132771
2134003
2134031
2135209
2135266
2136401
2136542
2136806
2139227
2139459
2139800
2139928
2141289
2141511
2144713
2146948
2147217
2148647
2149614
2151329
2151836
2152145
2152286
2152966
2154612
2157818
2157820
2158565
2159155
2159274
2162052
2162470
2163615
2165152
2167481
2168170
2169048
2169975
2170277
2170654
2172878
2173039
2173931
2179539
2179999
2181696
2182339
2183198
2183820
2186539
2189225
2189602
2189700
2189902
2191989
2193556
2194531
2194601
2195051
2195866
2196884
2197371
2198758
2199298
2199749
2200017
2200278
2200367
2200680
2201066
2204660
2205900
2207225
2208194
2208865
2209520
2209773
2210932
2211469
2213291
2213789
2217640
2217951
2218567
2219629
2220296
2221672
2222221
2223177
2225185
2225287
2225721
2226896
2227327
2227658
2228051
2229183
2229578
2229913
2230671
2231279
2233341
2233754
2234023
2235222
2235694
2236236
2237032
2237275
2237527
2239271
2239336
2240288
2242924
2242980
2244903
2244957
2246275
2246715
2246961
2247037
2247382
2248121
2248266
2249133
2249317
2250461
2250863
2252275
2252817
2253420
2253501
2253730
2253775
2254355
2254358
2255680
2255744
2256202
2256626
2257370
2259831
2259891
2260266
2261842
2262546
2266694
2268743
2270130
2270438
2270761
2272044
2272672
2273451
2273461
2274076
2274612
2275370
2275591
2277440
2277757
2278410
2278865
2279808
2280328
2281026
2282753
2282817
2283449
2286332
2287428
2288337
2289264
2291156
2293771
2293922
2295006
2295554
2297932
2298225
2298630
2299172
2299800
2302462
2302642
2303151
2307504
2307727
2308007
2308639
2309445
2309800
2310479
2310495
2310835
2313706
2314392
2315486
2316479
2316509
2318701
2319145
2320321
2321480
2321638
2324259
2325289
2327337
2329853
2329887
2333350
2333755
2334350
2335080
2335127
2335291
2335332
2337121
2339354
2339568
2343412
2343439
2343485
2343631
2343752
2346537
2347535
2349808
2352570
2353182
2354093
2354275
2354423
2354547
2358163
2360321
2362026
2362942
2364809
2365561
2365635
2365700
2368021
2368109
2370827
2371026
2371125
2373685
2374680
2376027
2376111
2376764
2377716
2378688
2380031
2382292
2383344
2384733
2385024
2385219
2385240
2386001
2386073
2386436
2386763
2388139
2389258
2394152
2394404
2395092
2396804
2397601
2397720
2400275
2401995
2402042
2402190
2402400
2402924
2405092
2407071
2407607
2407921
2408307
2409858
2410025
2410127
2412262
2412287
2412422
2413605
2414291
2415750
2417903
2418109
2418712
2419017
2420658
2421280
2422248
2423698
2426295
2427163
2427423
2427850
2428624
2430583
2431297
2431751
2432897
2434078
2436125
2436392
2436449
2436779
2437141
2438728
2438743
2439490
2440876
2441819
2442424
2443271
2444160
2446120
2446619
2447486
2450848
2451589
2453010
2455745
2457111
2457160
2459125
2460514
2460900
2461849
2462896
2463779
2464585
2465101
2465121
2465867
2466437
2468261
2468531
2469652
2469808
2469923
2470362
2471092
2474411
2475533
2476299
2476310
2476564
2477445
2477813
2478463
2479389
2479653
2480805
2481082
2481990
2482014
2482169
2482662
2483501
2487083
2488251
2489281
2491946
2492003
2492881
2493222
2498024
2499626
2499717
2500335
2500695
2501379
2503153
2503782
2504378
2505126
2505285
2505515
2506586
2507725
2508344
2509088
2510722
2511471
2512012
2514609
2516787
2517206
2519272
2519517
2520113
2520879
2521310
2521378
2522199
2522333
2525433
2527632
2528319
2528841
2528893
2529096
2529549
2530635
2531898
2533939
2534547
2535195
2535375
2539756
2542477
2542585
2543477
2544415
2548053
2551130
2553507
2554001
2556500
2557074
2557842
2557946
2558121
2558667
2559331
2559602
2559981
2560065
2562266
2562267
2562845
2563256
2564648
2564972
2565127
2565407
2565703
2565885
2566201
2566270
2566352
2566631
2567459
2567489
2567732
2568285
2568337
2568590
2569620
2570374
2570874
2573348
2577222
2579288
2579742
2579808
2580955
2582277
2582663
2582827
2583629
2584726
2587559
2588301
2588942
2590640
2591099
2591745
2592584
2593452
2593459
2594005
2594342
2595244
2595401
2597425
2597606
2598389
2599299
2601164
2602085
2602908
2603442
2603879
2604171
2604240
2605993
2607028
2607801
2609239
2609396
2610041
2610170
2610950
2612268
2613870
2614051
2615015
2616566
2617443
2618396
2618656
2618877
2620157
2620396
2621375
2621642
2622563
2622812
2622836
2623149
2623724
2624051
2624868
2627946
2629006
2629983
2630800
2631599
2631651
2631755
2633065
2633068
2633954
2634290
2634977
2635368
2637790
2637836
2638042
2639121
2639367
2639901
2640344
2640375
2640470
2640942
2642991
2643832
2645909
2646702
2647170
2647623
2647809
2650298
2652702
2653342
2653475
2653555
2653949
2655388
2655394
2656407
2656479
2657987
2658122
2660431
2664109
2664511
2664874
2665202
2665208
2667428
2667830
2668273
2671209
2671721
2672250
2673095
2673453
2673853
2674412
2674490
2675588
2676726
2678858
2681084
2681357
2684168
2684885
2686091
2688199
2688800
2694113
2694232
2694386
2694959
2695299
2695510
2695731
2695906
2696398
2697153
2697204
2698346
2698452
2700620
2701148
2702219
2702810
2703955
2704124
2704845
2705565
2705915
2707640
2708313
2709034
2710326
2710757
2713343
2714078
2715486
2717931
2718873
2719763
2721059
2722488
2722518
2723013
2724938
2726466
2726587
2729069
2730804
2731689
2731918
2734551
2736618
2737517
2738012
2738597
2741598
2743909
2744190
2745227
2745327
2745846
2748075
2748122
2749605
2749783
2750158
2752921
2753874
2753880
2756464
2758374
2759677
2761935
2763132
2763562
2764132
2764977
2765271
2767271
2767347
2768179
2768794
2769548
2769620
2770440
2770801
2774126
2774502
2775508
2776891
2777432
2778179
2779203
2780372
2781372
2781534
2783612
2784068
2785857
2787332
2787412
2787612
2787715
2788421
2788710
2791226
2792614
2792855
2793267
2794003
2795003
2795130
2795520
2796187
2796892
2796914
2797248
2798428
2799198
2799388
2799997
2800415
2800557
2801526
2802418
2803656
2804190
2805453
2806419
2808157
2808946
2809425
2809911
2810444
2812034
2812593
2812753
2814948
2815232
2815880
2817710
2818802
2818996
2819525
2819548
2821492
2822296
2824086
2825544
2830021
2831747
2832659
2833383
2834753
2834865
2836459
2837087
2840122
2840759
2841101
2842115
2843588
2845066
2845784
2846618
2847316
2848134
2850877
2851124
2852594
2852727
2856290
2858074
2858896
2863118
2863152
2864200
2864428
2865336
2870583
2871112
2872206
2872704
2873492
2875832
2876848
2877218
2877352
2879582
2880532
2880551
2880691
2881356
2881682
2884561
2885269
2885737
2886395
2886457
2887393
2887602
2888508
2888758
2889989
2890249
2891473
2892721
2894202
2897086
2899322
2901330
2901562
2902040
2904360
2905333
2905532
2906223
2906315
2906859
2908098
2908839
2909289
2911187
2911348
2913094
2913146
2915776
2916044
2916841
2918159
2921191
2921193
2921417
2922731
2923621
2926606
2927505
2931810
2932065
2932799
2935569
2936152
2936182
2936895
2936903
2937170
2939480
2941606
2942861
2944909
2947687
2948507
2948581
2948901
2949284
2950136
2950543
2951352
2951618
2952419
2954186
2954724
2954791
2954860
2955976
2956970
2957841
2958545
2958924
2959505
2964111
2966160
2966938
2968237
2970941
2972366
2975937
2976144
2977662
2978003
2978263
2978290
2978707
2979185
2979467
2980296
2981128
2981290
2981915
2982354
2982377
2984940
2985308
2985908
2986555
2986794
2987319
2987604
2987715
2988006
2988536
2988873
2991410
2992032
2992288
2994987
2995009
2995496
2995615
2996030
2996295
2997032
2997996
2999661
3000361
3001563
3002983
3002993
3004071
3004659
3006142
3007090
3007304
3009056
3010254
3010441
3010888
3012029
3012319
3012963
3013679
3015070
3015483
3017663
3017959
3018763
3019045
3020723
3020841
3022221
3022648
3024221
3024699
3024879
3025243
3025343
3025428
3027582
3027877
3027948
3029330
3032487
3032534
3032686
3033134
3033931
3036744
3037023
3040824
3041330
3041654
3042004
3043112
3044964
3045801
3046027
3046058
3047249
3050228
3052906
3053983
3054019
3055284
3055637
3056605
3058265
3058412
3058491
3058586
3059095
3060180
3060378
3060787
3061046
3061799
3063187
3063653
3064363
3065352
3065636
3066107
3066427
3069308
3071877
3072432
3073229
3075691
3075878
3076887
3077696
3077833
3077972
3078341
3078613
3080268
3082680
3082873
3083822
3084009
3084166
3085064
3085225
3085228
3085583
3087681
3088584
3088594
3089745
3090191
3093259
3093337
3095233
3095908
3097126
3097476
3097809
3097974
3098469
3098928
3099631
3103151
3104301
3105942
3106504
3108225
3108362
3113776
3113842
3114816
3114966
3115137
3115152
3115373
3121899
3122942
3123463
3123586
3126026
3126097
3126332
3126371
3126631
3129189
3129337
3130771
3134660
3135671
3136238
3136932
3138041
3140034
3140594
3140740
3143179
3143641
3147029
3147029
3150104
3150912
3151140
3152878
3156192
3156847
3158115
3158689
3160114
3160197
3160918
3161196
3162522
3162591
3162876
3163944
3165185
3166974
3169798
3170000
3170785
3170791
3171496
3171535
3172224
3173754
3174152
3176041
3176119
3176768
3177014
3177046
3178561
3179544
3179595
3180424
3181190
3181621
3181816
3182481
3182553
3182752
3183443
3186529
3186551
3187844
3188869
3188952
3190970
3193002
3193328
3194982
3196093
3197359
3198322
3201187
3201619
3201661
3203272
3204254
3205511
3207201
3208235
3209255
3209338
3209347
3209671
3209747
3211812
3213745
3213861
3217052
3218259
3218650
3219270
3221097
3221501
3222265
3222280
3223093
3223288
3223348
3223449
3223593
3223696
3224115
3224948
3225462
3225523
3228687
3229930
3230000
3230723
3233482
3234398
3235184
3235456
3235582
3235979
3237152
3237601
3238386
3239837
3240345
3242028
3243562
3243885
3244254
3247103
3247700
3248320
3249683
3250563
3250936
3251652
3253165
3255225
3255830
3258788
3259412
3260182
3260199
3261665
3263231
3263237
3263548
3263962
3264119
3264552
3264851
3264988
3265105
3265646
3266655
3269149
3269265
3269328
3269637
3269933
3270331
3270569
3271671
3272855
3273015
3273954
3274731
3275702
3277620
3278736
3280757
3281216
3283219
3284029
3284430
3285201
3285849
3286200
3286668
3291913
3292057
3292509
3292802
3294138
3294949
3296369
3296753
3296822
3296891
3298272
3299471
3300783
3301436
3301947
3303020
3303890
3304792
3305459
3305651
3305836
3306150
3307246
3307677
3307931
3308172
3309223
3309857
3310135
3311237
3312922
3313143
3313796
3313870
3313938
3313948
3314948
3316327
3317601
3317807
3318176
3318474
3319200
3319350
3321337
3321410
3322353
3324410
3324678
3325098
3326578
3326621
3327277
3328110
3328371
3328817
3328882
3330392
3331872
3332214
3332436
3335462
3340498
3341464
3344212
3344904
3344923
3346464
3349718
3351051
3352075
3352957
3353128
3353391
3353761
3356266
3356292
3356351
3358386
3359077
3360449
3362866
3363094
3363182
3363682
3367894
3368487
3369625
3369781
3371290
3371518
3371643
3372224
3372373
3372541
3373023
3373134
3373355
3373673
3373868
3373885
3374455
3374923
3374984
3375034
3377378
3377532
3379216
3386046
3386283
3387687
3387912
3389091
3391361
3393411
3393614
3393698
3394066
3394274
3394502
3395407
3395561
3395715
3399371
3399409
3400279
3402718
3403045
3403514
3404509
3404554
3406530
3408614
3408735
3409674
3409678
3411036
3411396
3411666
3413902
3414340
3414734
3414756
3414784
3414920
3419773
3421287
3421850
3424254
3424355
3424948
3426350
3427648
3427750
3429812
3431047
3431141
3431794
3432314
3433844
3435348
3435380
3436284
3437448
3438260
3440236
3441134
3441933
3444784
3444940
3446239
3447209
3449334
3451910
3453643
3454588
3454699
3454954
3457124
3457377
3458382
3459851
3460321
3463802
3466845
3466994
3467760
3468319
3469130
3470261
3470815
3471366
3471478
3472095
3472222
3475609
3475895
3476402
3476444
3476911
3477739
3478564
3479387
3479651
3480852
3481184
3482474
3482963
3486510
3487165
3487984
3487999
3489229
3489479
3489715
3492442
3492662
3495206
3495399
3496549
3496828
3497842
3499427
3501038
3501699
3502745
3503101
3504325
3505396
3506312
3506473
3513934
3514394
3514399
3514588
3514751
3517940
3518990
3519497
3519648
3519996
3520875
3524218
3524406
3525081
3526424
3526562
3527105
3528036
3528761
3529081
3530511
3530539
3530564
3530637
3532908
3535270
3535337
3535400
3536764
3538920
3540225
3541296
3544014
3546861
3548691
3549282
3549785
3553259
3554059
3554601
3555250
3555445
3555889
3556671
3557077
3557280
3557499
3558788
3559834
3560453
3560460
3561296
3563125
3564319
3564693
3565093
3566194
3568087
3570889
3571725
3572058
3575348
3575382
3576038
3577774
3578799
3579407
3580642
3581384
3582673
3583215
3583715
3584121
3584832
3585629
3586847
3588316
3590135
3590207
3591292
3591717
3592950
3594994
3595099
3596179
3596459
3596895
3596916
3599207
3601018
3601029
3601959
3602144
3602263
3602287
3602970
3604518
3605321
3606164
3607273
3608781
3609234
3609729
3610068
3610216
3612199
3613189
3613291
3615435
3616233
3616723
3616897
3617280
3617366
3618190
3618888
3620415
3620528
3621781
3623328
3623456
3624765
3624919
3624970
3624975
3628457
3632585
3633227
3633625
3636000
3636676
3637546
3637971
3638468
3638714
3639595
3640783
3643053
3643768
3646799
3646887
3648037
3648937
3649603
3650440
3650450
3651097
3651620
3653116
3653758
3655078
3655168
3655357
3655554
3656126
3657301
3659469
3659969
3660782
3661506
3661778
3666794
3666919
3669522
3670311
3672057
3673323
3674027
3674102
3676056
3677749
3678136
3678388
3678869
3679042
3680601
3681997
3684090
3684785
3685936
3686610
3687121
3690774
3693336
3693485
3693926
3695508
3696273
3697033
3697541
3698005
3698671
3699271
3700767
3701482
3701797
3702172
3702966
3704091
3704482
3705101
3705298
3707474
3709690
3710775
3712340
3712413
3712550
3713624
3713651
3713774
3714490
3715056
3715276
3719397
3720303
3720868
3722267
3722666
3723690
3724815
3726093
3726188
3727612
3727687
3729876
3731786
3736781
3737293
3739740
3740235
3740610
3742677
3743202
3743539
3747192
3747603
3748647
3750152
3750291
3753257
3753383
3755181
3755661
3756215
3756389
3756805
3761464
3761481
3762206
3762374
3762835
3763170
3764031
3765226
3766576
3767993
3768157
3768221
3772561
3773319
3773876
3777337
3779261
3779285
3779822
3780034
3780442
3781858
3784477
3785412
3785549
3786071
3786905
3787695
3787993
3788347
3788730
3789344
3789913
3790352
3790828
3793920
3796549
3796657
3796950
3797716
3798519
3798935
3800017
3801166
3801683
3801864
3802656
3803005
3803292
3806154
3806784
3807111
3808463
3808828
3810292
3810646
3811342
3811901
3813916
3814770
3816264
3816945
3817063
3820769
3821286
3821491
3823490
3823975
3825130
3826208
3828612
3829582
3831262
3831619
3832609
3834688
3836973
3837000
3838165
3840649
3841200
3842139
3843422
3843589
3844794
3845174
3845594
3847336
3848591
3850743
3851213
3851375
3852523
3852572
3853226
3854161
3854516
3858560
3858574
3859585
3861719
3864535
3868936
3870575
3870948
3871431
3871653
3872477
3873242
3875124
3875639
3877934
3877956
3878272
3878988
3880851
3881002
3881873
3883828
3886157
3888455
3888462
3889132
3889235
3890027
3891357
3892075
3892698
3895157
3895457
3897606
3897826
3900147
3900913
3901373
3904398
3904459
3905769
3906935
3907208
3909874
3911326
3912569
3914442
3914554
3915605
3916105
3918553
3921608
3923022
3923293
3923466
3924600
3924627
3932703
3933251
3933909
3934108
3934572
3934769
3936062
3936511
3936657
3936945
3937156
3937673
3938143
3938958
3941660
3941777
3941895
3942217
3942353
3942763
3944030
3945702
3946722
3947241
3949029
3949384
3950719
3951687
3952006
3953074
3953536
3953768
3954108
3959241
3964661
3966824
3967705
3967904
3968178
3969759
3970366
3973472
3973537
3974090
3974096
3974457
3975372
3975505
3976226
3976939
3977467
3978520
3978999
3979437
3980034
3980744
3980897
3980995
3981600
3981629
3981832
3983133
3984156
3985915
3986467
3986492
3987807
3989263
3991039
3992273
3992596
3993687
3996561
3997796
3999398
3999416
4000528
4001268
4001900
4002894
4004753
4005489
4005616
4009005
4010684
4012647
4012922
4014572
4015383
4015683
4016099
4018451
4018451
4019728
4019799
4020244
4020454
4020922
4021998
4024496
4024551
4025694
4025725
4029448
4030099
4030362
4030818
4033334
4033815
4033961
4035200
4035672
4036688
4036933
4037576
4041013
4041312
4044743
4045825
4045963
4046519
4046902
4047151
4048519
4049984
4050007
4050196
4051929
4052143
4052253
4052324
4053330
4057054
4058306
4058567
4058635
4058673
4059371
4063380
4064490
4066002
4067255
4069367
4070033
4070445
4072184
4074209
4074286
4074296
4076273
4077695
4077818
4080438
4080891
4081652
4082966
4083384
4084919
4085160
4087892
4087977
4088053
4088282
4089600
4089658
4090270
4090549
4090593
4092599
4093061
4095503
4097635
4097950
4100727
4101705
4102443
4102712
4103178
4103475
4104124
4104220
4105172
4106846
4107148
4108615
4109079
4109447
4111085
4112318
4114556
4114932
4115476
4115730
4118083
4118121
4120055
4121154
4121630
4121714
4121782
4122221
4122713
4123301
4123463
4128632
4128669
4129020
4131106
4132846
4134622
4135494
4137453
4137469
4137865
4141323
4141695
4142453
4144042
4145122
4145587
4145952
4147675
4148371
4148963
4149067
4149466
4150456
4151318
4152525
4152936
4155434
4156255
4156721
4159982
4160742
4160912
4161716
4162600
4162600
4162853
4164594
4165901
4165971
4167114
4167939
4168199
4176857
4179233
4180895
4180944
4181941
4181991
4182220
4184243
4184282
4185104
4185428
4185850
4186011
4186473
4187924
4187988
4195319
4196402
4196670
4196833
4196956
4197457
4198474
4198603
4198754
4199564
4199876
4200718
4202142
4202991
4203212
4205721
4207320
4208572
4208737
4209109
4209263
4209363
4209649
4212713
4213471
4214222
4214442
4215062
4219426
4220444
4221906
4226394
4227938
4228210
4229126
4229395
4229986
4232953
4233341
4233685
4233759
4234390
4234795
4235176
4236657
4238102
4238490
4240642
4241300
4241903
4243287
4245226
4245230
4246459
4247567
4249090
4250885
4251967
4252010
4252362
4252475
4253277
4253723
4254447
4256119
4259238
4259427
4260252
4262988
4263636
4264407
4265373
4266163
4266241
4267691
4269643
4269670
4270540
4271681
4273574
4274541
4277176
4278222
4278244
4279106
4279322
4282970
4282988
4284554
4286228
4286337
4286444
4287499
4290147
4291305
4292815
4293201
4294554
4295147
4296556
4297534
4299068
4299624
4302355
4303394
4305425
4305462
4305558
4310071
4310402
4310698
4311587
4312263
4313706
4317028
4320200
4320471
4323885
4324338
4324438
4324805
4325229
4326340
4326523
4326691
4326879
4327367
4328995
4329305
4332462
4332946
4334098
4335844
4336148
4336552
4337007
4338140
4338648
4341808
4342217
4342690
4343080
4345031
4345861
4345868
4345887
4345950
4346635
4346920
4348298
4348795
4349258
4349727
4351323
4351681
4352466
4353014
4354239
4355113
4356261
4357013
4357170
4357896
4359272
4359831
4362168
4362540
4363575
4365225
4365319
4365733
4367625
4368216
4368409
4370667
4371667
4371901
4374268
4375534
4377267
4377515
4380679
4382461
4382474
4382557
4383580
4384687
4384906
4389797
4393349
4394526
4394927
4395020
4395020
4395356
4396901
4397462
4398668
4398674
4399558
4400336
4402157
4402720
4403182
4404020
4404164
4405928
4407416
4407925
4409051
4411448
4412022
4412255
4415191
4415438
4415531
4415691
4416160
4416614
4416968
4417123
4419898
4421291
4421881
4422800
4423834
4425931
4426114
4427976
4428232
4429163
4429841
4432535
4433245
4434714
4434965
4435578
4436973
4437060
4437168
4437981
4438330
4438391
4439746
4440176
4440610
4443505
4443814
4449568
4449843
4450353
4454265
4454349
4455224
4456460
4456908
4457381
4459893
4460086
4460988
4461929
4462162
4462487
4463612
4464379
4466066
4466363
4468164
4470408
4470720
4470955
4475034
4477742
4479653
4481499
4482553
4485376
4485420
4486882
4487234
4488622
4489996
4490716
4491541
4491953
4493161
4493448
4497444
4498154
4498373
4498411
4498561
4499234
4500330
4502718
4502897
4504698
4504849
4505202
4505996
4506988
4508413
4510026
4510772
4511406
4514570
4514963
4517175
4520366
4520504
4520968
4523031
4523458
4525604
4526783
4527160
4528862
4529449
4530644
4531055
4532807
4534608
4535144
4536034
4538783
4542186
4542774
4543914
4546189
4546895
4547022
4547324
4550049
4550936
4551720
4555406
4556149
4556543
4556918
4558234
4558335
4558907
4559275
4560571
4562228
4562777
4562846
4563118
4563521
4563984
4564241
4565063
4565766
4566008
4566160
4566706
4566912
4567683
4567999
4568572
4568766
4569024
4569951
4570271
4570844
4571368
4571451
4571962
4572503
4572759
4575275
4578920
4580783
4582154
4584686
4585630
4586045
4592422
4593241
4594114
4594327
4595384
4596483
4598130
4601750
4604718
4605061
4605283
4605556
4606434
4607397
4607624
4608107
4608485
4609214
4614143
4614793
4615572
4619069
4621890
4622486
4623926
4624550
4624776
4624948
4625246
4625760
4626460
4627712
4630481
4630532
4630666
4631430
4632039
4634035
4634201
4634447
4635381
4635524
4636882
4636914
4638159
4639001
4639600
4639818
4640872
4641540
4642574
4643114
4643720
4643745
4645522
4646896
4648464
4649986
4650593
4652842
4652949
4654599
4656100
4657871
4658222
4658817
4660007
4661948
4662201
4663982
4664379
4669786
4670390
4672114
4672466
4676330
4676661
4676954
4677806
4678346
4678765
4678802
4679722
4681402
4681525
4683355
4683822
4685449
4686057
4687672
4688581
4689786
4689855
4690230
4690417
4692386
4692622
4694770
4697154
4698021
4698222
4698247
4698515
4698781
4701310
4704451
4704862
4704981
4707503
4708660
4709005
4709861
4711533
4712233
4712356
4713185
4713491
4714832
4715175
4715318
4716432
4717878
4718430
4719870
4720006
4722546
4722670
4723271
4723938
4724081
4725978
4727741
4728887
4729654
4729774
4730035
4732153
4734041
4734247
4735215
4737204
4737383
4739072
4739109
4740751
4740763
4743927
4745275
4745903
4746536
4747535
4748689
4748971
4749967
4750277
4751507
4752433
4754391
4755564
4757304
4757662
4757971
4758184
4758298
4758509
4758949
4759571
4759994
4760016
4760659
4760828
4760864
4763780
4763992
4767458
4768919
4770600
4771881
4772188
4772886
4775415
4775646
4776327
4777059
4780179
4782358
4785076
4785793
4785833
4788136
4789803
4790726
4793077
4793297
4793601
4794279
4795714
4795800
4796440
4797440
4798863
4800584
4802928
4803754
4804578
4805103
4805157
4805709
4806433
4806465
4809748
4809864
4811283
4811745
4814300
4814520
4814721
4817766
4818940
4825238
4825520
4827248
4828373
4828961
4829265
4829444
4829714
4830817
4832013
4832410
4839142
4841878
4842571
4843316
4843505
4848165
4848494
4850295
4853670
4854178
4856597
4857252
4858738
4858798
4859064
4859193
4859940
4862735
4863852
4864349
4866104
4868062
4868137
4868893
4870200
4870964
4871533
4871914
4872716
4873117
4873345
4874305
4875454
4876592
4876808
4876877
4878424
4878811
4879474
4880259
4882183
4882336
4882388
4883037
4884375
4887928
4888851
4889581
4891366
4892167
4892316
4893989
4894561
4897136
4898671
4902080
4902560
4905457
4905932
4905981
4906365
4907463
4907793
4907857
4908498
4908893
4910458
4910655
4911356
4914220
4916309
4916701
4918419
4918889
4919987
4921982
4923588
4924494
4925455
4925931
4926199
4929943
4931298
4935085
4937573
4939583
4942493
4944039
4944311
4945075
4947653
4947917
4947990
4948541
4949842
4949852
4951871
4953872
4956242
4956310
4956452
4956906
4957191
4957416
4957901
4958479
4960624
4964392
4965109
4965217
4965937
4966353
4967240
4967998
4968265
4968452
4969052
4969080
4970999
4972256
4974521
4974597
4974868
4975342
4976034
4977230
4978036
4981012
4981660
4981661
4981734
4982414
4984675
4984691
4985760
4986081
4987277
4987544
4987871
4988136
4989690
4989853
4990415
4991070
4992604
4996045
4997050
4999448
5000668
5001735
5005124
5006428
5006527
5006760
5006799
5007532
5008477
5008650
5008999
5009249
5011116
5012100
5013984
5014515
5016736
5017470
5018936
5019655
5019781
5021002
5022880
5025828
5027611
5029074
5029158
5031059
5031268
5031485
5031794
5032424
5032567
5032567
5032919
5035756
5036632
5038113
5040024
5042368
5042467
5043322
5046378
5049342
5049392
5049541
5056436
5057314
5057888
5059733
5060624
5060932
5062357
5062964
5063121
5065875
5066131
5067785
5068958
5070242
5072020
5073183
5078640
5078699
5079190
5082156
5082164
5082186
5082700
5083570
5084423
5084782
5085796
5086157
5086301
5086886
5087533
5087770
5088209
5088454
5088725
5091693
5095393
5096051
5098300
5100157
5100161
5100461
5101560
5101784
5101863
5102434
5102907
5102924
5104288
5104699
5106660
5106936
5108093
5110027
5110137
5111205
5114501
5116913
5117527
5118328
5118821
5119522
5120454
5121757
5122699
5122843
5123993
5126021
5126117
5126122
5126879
5130705
5136702
5137029
5139234
5142607
5146826
5147350
5148632
5148845
5148932
5149351
5149659
5149688
5150396
5150635
5151427
5151698
5152153
5154675
5155283
5156388
5158229
5158710
5159128
5159950
5160039
5160536
5161917
5162895
5163460
5163817
5163857
5164098
5164138
5165029
5165150
5166232
5169541
5169628
5169761
5170736
5172211
5173656
5174076
5175866
5175936
5176179
5176712
5177032
5178429
5179020
5181024
5181140
5182590
5184972
5185534
5187064
5187518
5187790
5188051
5189135
5190608
5190970
5191708
5193178
5194486
5195547
5195635
5196858
5197539
5198502
5198613
5201554
5202270
5202556
5203349
5203995
5204159
5204653
5205536
5206059
5206482
5207275
5207409
5207969
5209546
5210778
5212041
5212833
5214261
5218656
5220555
5220886
5223097
5224341
5225963
5226538
5227861
5228307
5229178
5230217
5231063
5232602
5234407
5236215
5236457
5239718
5240231
5242160
5242208
5242996
5246285
5247492
5251133
5256478
5258899
5259017
5260321
5260667
5261307
5262315
5263166
5263481
5263928
5264521
5265243
5266215
5266476
5266626
5269591
5269725
5271627
5271766
5273195
5273497
5274074
5274478
5274670
5274700
5275098
5275311
5275678
5275879
5276171
5277365
5277837
5277867
5280652
5281068
5281147
5281591
5281724
5282708
5282720
5285200
5286774
5288165
5288746
5291063
5292264
5293040
5294857
5294992
5296963
5298226
5301150
5301741
5302919
5303690
5303934
5304418
5305443
5305795
5306237
5308377
5308591
5308700
5309738
5309855
5310284
5311383
5311946
5312732
5314410
5314719
5316027
5317065
5317861
5320167
5320452
5320988
5321099
5321171
5321180
5322728
5324048
5324328
5324670
5326097
5327755
5327939
5329189
5330116
5336997
5337333
5337934
5337969
5338337
5338794
5343072
5343921
5344104
5345053
5346252
5346685
5347544
5347649
5348116
5348172
5348680
5348978
5349673
5349861
5351386
5352431
5352720
5353365
5354949
5356707
5358132
5358686
5360418
5361622
5363630
5367690
5368182
5368649
5371407
5371710
5371909
5372842
5372851
5373168
5373599
5376234
5377020
5377829
5378587
5382385
5382864
5383972
5384403
5384462
5384482
5389068
5389389
5389453
5389936
5390432
5390488
5391387
5391465
5392295
5392843
5393731
5393841
5394122
5396224
5396240
5396361
5397800
5398125
5400299
5401485
5401624
5403632
5404333
5404836
5405248
5405368
5405859
5407111
5407501
5410027
5410089
5410598
5412544
5412622
5413030
5413087
5414855
5416438
5416837
5417027
5417310
5421278
5421679
5421806
5424154
5426926
5428709
5431773
5431857
5432523
5432637
5434177
5434690
5437207
5439642
5439663
5440049
5444686
5446750
5449150
5449843
5450855
5450957
5451587
5453960
5455031
5455035
5455249
5455333
5455519
5455660
5456377
5457020
5457421
5458205
5458242
5463612
5465375
5466160
5466165
5467144
5467277
5467703
5467771
5470102
5471001
5471072
5471759
5474347
5474456
5475504
5477664
5480016
5482037
5483622
5484965
5485943
5486199
5487364
5487928
5488372
5488939
5489290
5490128
5491429
5493159
5494704
5495513
5498328
5498749
5498943
5500579
5501571
5502336
5502382
5503397
5504413
5506084
5506184
5511456
5512394
5513000
5513036
5513618
5514164
5516171
5516354
5516388
5517270
5517504
5517685
5518441
5518787
5519317
5519635
5519878
5522167
5525926
5526927
5527103
5528356
5528967
5529306
5529342
5530034
5530145
5531332
5532358
5532804
5533696
5535760
5538104
5538204
5538523
5539107
5539367
5539610
5539836
5541842
5542072
5542517
5544748
5544754
5545051
5545673
5548047
5550138
5550766
5550898
5551000
5551220
5551289
5551473
5553278
5553655
5554279
5554584
5557954
5558264
5558677
5558726
5559819
5562317
5562986
5564764
5564811
5565054
5567392
5568606
5569377
5569819
5573915
5575476
5577335
5579578
5579840
5581082
5581232
5583058
5584026
5584500
5585252
5585758
5588390
5588476
5588539
5589184
5589670
5591038
5591207
5591286
5591304
5594495
5597073
5598665
5599525
5600408
5601130
5603117
5603530
5604000
5604593
5605832
5607000
5608965
5609237
5611564
5613453
5613991
5615590
5616814
5617392
5618364
5621963
5622944
5624663
5625389
5625477
5626809
5629544
5629713
5630760
5632944
5634333
5634925
5635251
5635316
5635896
5637833
5637854
5637942
5638922
5639339
5640158
5641248
5643049
5643132
5643435
5643671
5644037
5644354
5644452
5646462
5647463
5649331
5652114
5653346
5654165
5655544
5656752
5657116
5659773
5661437
5665540
5667756
5669750
5669939
5670466
5671111
5671596
5672685
5677157
5677414
5680045
5680704
5681029
5682337
5683369
5684602
5686076
5686628
5687183
5688711
5688849
5690057
5690095
5690722
5690820
5691966
5692131
5692184
5692204
5697203
5699695
5700504
5701869
5701934
5702103
5708013
5708468
5708920
5708948
5709769
5713106
5713361
5717834
5719313
5719465
5719487
5720218
5720692
5720723
5722584
5722644
5722708
5722952
5723331
5723383
5726658
5727215
5729092
5732599
5734228
5734376
5737196
5738462
5738843
5740963
5741739
5742284
5744059
5744440
5745645
5747571
5748458
5748771
5751235
5751616
5754331
5754913
5755371
5755830
5756630
5756908
5760021
5761499
5762516
5762564
5762718
5762852
5763807
5765351
5765603
5767161
5771699
5773495
5775055
5775200
5780069
5781046
5781550
5781645
5784347
5784546
5785081
5786945
5787097
5788152
5789672
5789747
5790540
5791940
5792176
5792910
5793511
5796060
5797991
5799472
5803154
5803730
5804015
5804669
5806144
5807851
5808064
5808853
5809446
5810009
5811062
5811326
5811551
5811746
5812143
5812212
5812731
5812742
5813158
5813657
5814580
5815139
5815893
5815927
5816059
5817068
5817562
5818597
5818824
5819604
5822305
5822994
5824173
5825198
5826523
5829324
5830880
5831295
5832575
5832898
5833247
5833869
5835198
5836557
5837612
5838793
5839087
5839909
5840501
5840749
5842209
5844119
5845688
5845723
5846835
5847270
5848162
5849700
5850642
5850951
5852647
5852944
5854167
5854240
5854323
5855945
5855949
5857317
5857762
5858677
5859203
5861796
5862612
5862652
5864876
5864898
5865485
5865789
5865857
5866596
5868240
5869788
5870207
5870574
5872260
5872279
5873748
5876439
5876471
5876571
5876831
5877640
5877990
5878118
5879185
5881747
5882011
5882526
5882642
5882733
5883204
5884614
5885577
5887546
5888491
5891127
5891182
5893962
5894271
5895098
5895153
5896596
5897646
5897763
5898694
5898979
5899823
5900125
5900295
5900336
5900926
5901906
5902230
5904423
5905608
5906972
5907122
5907275
5908536
5909335
5909505
5909787
5914327
5915017
5917103
5920339
5920800
5922462
5924048
5925040
5925265
5925761
5926116
5927718
5928646
5928693
5930067
5931587
5932088
5933169
5933648
5933883
5934509
5934829
5938773
5939577
5939610
5939789
5940355
5940809
5943083
5943304
5943463
5943853
5944200
5944804
5945629
5947754
5947944
5948979
5949102
5952336
5954286
5954588
5955620
5956456
5958095
5959137
5959642
5960279
5960946
5961365
5962374
5963021
5964267
5966292
5967181
5968872
5969009
5970945
5970980
5971095
5971814
5972916
5975334
5975474
5975729
5977586
5977872
5978417
5978998
5979401
5981240
5982041
5986448
5987997
5988698
5990516
5990523
5991619
5992722
5993513
5994955
5995264
5995632
5996273
5997704
5998272
5999332
5999839
5999904
6001694
6002735
6003395
6004214
6004826
6005374
6006256
6006538
6006562
6006832
6007101
6007397
6008800
6008823
6009654
6012511
6012644
6013739
6015034
6015599
6015797
6015976
6016556
6017408
6018908
6019156
6025323
6026936
6027546
6027744
6030055
6030374
6031467
6033029
6033161
6033437
6034126
6034391
6034646
6034668
6034907
6035532
6036313
6036903
6037119
6038423
6040852
6042266
6042342
6044696
6045867
6046031
6046367
6046623
6047760
6050374
6050782
6053225
6054228
6055134
6055818
6056020
6057128
6059739
6060157
6060648
6061575
6062633
6062732
6064254
6064880
6066371
6067432
6071431
6072490
6077024
6078391
6078683
6079695
6080049
6080564
6080792
6081266
6081535
6082297
6083074
6083514
6085915
6086152
6086351
6088102
6088409
6088527
6089436
6089555
6089830
6090064
6091485
6095958
6098618
6098731
6101365
6101666
6101732
6102111
6102144
6103322
6104359
6104476
6104497
6105942
6108599
6108626
6109504
6110987
6111083
6113495
6113781
6114262
6114627
6116219
6116450
6119596
6123053
6123896
6124657
6124906
6125962
6127264
6127403
6128580
6130056
6133533
6134726
6135697
6137837
6139822
6140915
6141296
6142294
6142390
6142520
6142991
6143648
6144186
6147150
6147656
6150850
6152068
6156313
6159356
6159823
6160263
6161011
6163641
6164237
6164756
6165357
6165391
6167872
6167957
6168030
6168079
6168976
6169267
6170333
6170892
6171242
6171659
6172103
6172249
6175608
6175652
6178651
6181161
6183161
6184930
6186066
6187233
6187762
6187848
6189137
6189145
6189162
6190711
6192047
6192955
6193252
6194163
6194942
6195340
6197707
6199351
6199987
6200079
6200833
6201037
6201254
6201520
6201704
6202230
6202378
6202426
6202973
6204447
6204809
6207004
6208512
6209012
6209292
6209696
6209769
6211147
6211839
6211939
6212111
6214875
6215883
6216445
6217978
6218198
6219248
6220410
6220655
6221925
6221999
6222249
6222641
6222781
6223750
6224755
6225699
6227197
6228339
6228738
6228895
6229780
6229824
6229920
6231331
6232796
6233536
6234614
6236436
6238761
6239559
6240382
6240551
6242116
6243168
6244801
6246960
6247519
6247853
6248265
6249006
6250137
6252739
6252881
6253471
6254525
6254959
6257291
6257752
6257975
6258010
6258520
6258617
6258823
6259258
6261489
6261567
6263093
6264529
6266068
6266427
6266939
6269240
6269438
6269516
6269731
6270137
6270870
6272029
6272037
6273395
6274472
6274714
6274737
6275713
6277290
6277616
6277994
6278501
6280365
6281620
6283136
6287229
6287781
6289064
6289538
6290000
6290607
6291641
6291810
6292916
6296294
6297559
6300521
6301980
6303641
6303971
6305185
6306055
6306958
6307478
6308482
6309343
6310109
6310602
6311926
6313499
6314955
6315423
6317229
6317342
6318202
6319461
6319468
6319775
6321658
6322507
6322859
6323043
6323240
6323758
6324041
6324640
6327978
6328369
6328728
6329254
6331511
6333825
6334123
6337694
6337766
6339670
6339974
6341073
6341174
6342268
6343744
6345532
6345591
6346745
6348130
6348330
6348881
6350898
6352105
6352436
6352609
6356971
6357678
6358435
6359873
6361713
6363192
6363394
6363746
6366402
6368760
6369368
6371672
6372064
6372796
6374311
6375695
6375911
6376068
6377334
6377818
6379256
6379976
6381888
6382418
6382525
6383517
6384049
6384591
6386002
6386339
6388738
6389573
6393026
6393236
6394003
6395835
6396210
6396212
6396727
6404034
6404894
6405217
6405851
6406282
6406630
6408518
6408995
6411860
6412746
6414176
6415957
6416100
6416977
6418098
6421009
6421029
6421466
6422288
6425525
6426612
6427365
6429118
6429845
6433071
6433437
6434507
6434906
6435179
6438868
6438888
6439362
6443396
6443637
6444710
6445888
6447087
6449648
6450995
6451709
6451735
6454590
6455283
6456538
6457168
6457354
6457554
6457629
6458899
6460019
6460452
6464007
6464140
6464332
6464608
6464704
6465002
6468858
6468965
6469970
6470899
6471049
6471249
6471264
6471578
6472527
6472572
6472927
6474155
6478080
6478307
6479168
6479403
6479673
6479988
6481419
6482253
6483231
6484404
6484773
6484790
6485625
6485629
6486643
6486970
6487911
6488142
6488373
6488747
6489208
6489396
6489537
6491519
6492096
6492333
6494343
6500248
6500636
6501374
6501610
6502249
6503211
6503257
6503543
6504806
6505436
6505609
6505921
6506509
6506995
6509536
6509658
6509838
6510582
6512167
6513470
6514367
6516082
6517174
6518570
6520934
6521492
6524040
6525306
6525551
6526243
6526418
6526431
6526780
6526870
6527740
6529397
6530258
6530868
6531186
6531730
6532048
6532879
6533617
6534648
6536463
6536526
6536584
6538093
6538463
6539339
6541042
6542161
6543090
6544265
6547581
6550932
6551552
6552314
6553376
6553640
6553964
6556058
6558781
6560165
6560583
6561668
6563182
6568023
6568646
6569350
6570798
6571258
6571280
6571363
6571851
6573502
6574451
6574694
6575272
6575306
6576320
6576755
6576771
6577335
6577574
6578709
6583527
6583938
6584851
6585444
6586351
6587591
6593730
6595128
6595228
6595869
6596365
6596997
6598034
6600802
6602135
6603118
6604579
6605638
6607432
6608169
6608417
6608958
6610350
6611130
6611685
6612249
6612501
6614108
6614937
6617757
6619045
6619221
6619412
6619432
6619550
6620466
6620693
6621296
6622421
6623945
6625729
6627775
6628052
6630933
6631149
6631163
6631501
6632422
6632753
6632873
6633948
6634906
6638012
6639384
6639766
6640163
6641842
6641844
6642125
6642554
6644336
6645247
6645974
6646036
6648996
6650187
6650320
6652539
6652999
6654839
6657158
6657639
6657891
6657911
6657952
6659479
6663352
6665336
6667932
6669276
6669305
6671667
6673411
6674365
6675222
6676129
6676494
6678239
6678643
6680328
6681684
6682920
6685753
6686022
6687123
6687390
6687694
6688713
6689638
6690147
6690638
6691436
6691907
6693139
6695296
6696758
6698020
6699623
6699892
6700103
6701245
6703150
6704843
6706626
6707806
6708411
6709299
6710057
6711076
6715449
6716370
6716743
6718509
6718543
6718657
6718960
6722005
6722547
6722879
6723571
6724101
6724813
6725608
6725618
6725724
6726444
6726880
6727322
6727470
6728210
6729389
6730588
6730614
6731631
6731970
6732495
6732794
6732826
6733469
6734198
6734899
6735435
6738128
6739015
6739131
6740177
6740227
6740742
6741814
6742457
6742667
6743749
6744748
6745422
6748745
6748887
6752902
6754104
6756866
6761660
6761902
6763374
6764519
6764660
6765043
6766529
6767315
6768432
6769218
6769598
6769798
6770541
6771008
6771867
6772410
6773613
6773938
6774752
6777127
6777955
6778735
6779346
6779927
6782392
6783118
6783643
6784258
6784341
6784451
6787194
6788386
6788885
6789325
6790594
6790901
6791185
6791966
6793144
6793282
6793422
6793979
6795378
6796415
6796489
6796621
6797141
6798975
6798997
6800068
6801768
6802613
6804839
6805215
6806738
6807902
6808912
6809538
6811479
6811558
6811601
6813729
6813775
6816605
6816966
6818266
6818390
6820261
6820510
6820614
6821174
6821392
6825078
6825619
6826695
6826981
6828436
6829342
6829882
6831369
6832192
6833737
6835120
6835396
6835876
6835933
6837508
6838261
6838813
6839102
6839422
6841211
6843129
6845259
6846427
6846577
6846762
6847349
6848613
6848917
6849609
6851572
6852349
6852992
6854424
6854686
6855148
6855158
6855760
6855912
6856221
6857557
6858790
6859055
6859304
6859371
6860488
6860683
6862859
6863478
6865266
6865969
6865986
6866234
6867254
6869193
6870733
6872108
6872415
6872448
6872806
6875403
6875432
6878837
6880161
6881588
6882423
6883246
6883324
6884088
6884225
6884996
6885195
6885618
6885698
6885761
6888755
6888888
6890837
6894573
6894958
6895936
6896984
6897510
6897743
6897898
6897925
6898630
6899097
6899675
6900217
6904303
6905333
6905553
6905597
6906752
6909028
6910100
6911085
6911700
6912998
6913858
6914028
6915678
6917309
6919202
6921751
6921950
6925116
6925762
6926012
6926062
6926503
6926693
6927603
6929326
6929580
6930892
6931686
6932004
6932893
6934013
6934169
6935164
6936136
6936635
6936966
6937425
6938612
6940416
6943525
6944451
6946473
6947055
6947156
6947694
6948789
6949965
6950538
6951088
6954024
6954232
6954789
6955102
6955997
6956974
6958142
6958544
6958637
6960644
6961455
6964908
6966343
6968355
6969376
6970498
6971613
6973612
6973867
6974246
6974251
6975048
6976714
6977517
6978389
6980361
6982017
6982407
6982407
6984232
6985258
6985491
6986520
6987953
6989612
6989653
6989802
6990393
6991229
6991406
6993194
6993688
6993748
6994074
6994886
6995449
6997304
6998263
6999568
7001176
7001222
7002709
7003096
7005750
7006493
7009209
7010522
7011418
7011827
7012115
7013840
7013965
7014625
7015773
7016733
7019099
7021030
7022217
7023811
7024662
7024799
7025358
7025854
7026194
7026412
7026614
7027041
7027209
7027594
7029140
7029858
7032511
7033327
7033789
7033956
7034446
7034509
7035064
7036655
7038513
7038917
7040449
7040803
7042776
7043273
7043468
7045803
7045881
7047275
7048172
7048360
7048554
7048699
7048831
7053731
7054109
7054206
7054749
7055425
7055573
7055989
7058117
7060626
7060697
7061419
7061422
7061645
7061661
7062171
7062183
7066618
7067298
7068093
7068300
7068644
7068784
7068914
7069097
7070251
7070303
7073111
7074591
7074860
7076657
7077207
7078029
7078280
7078518
7078911
7078918
7079147
7082317
7084503
7084847
7084887
7084992
7085207
7085614
7085970
7086179
7086487
7086496
7086627
7086870
7087917
7088740
7089137
7090037
7091082
7091894
7092789
7092897
7094492
7094584
7094896
7095439
7096366
7098464
7099939
7100132
7102677
7103452
7103892
7104737
7104988
7106725
7108129
7108690
7109068
7110421
7110444
7111102
7111141
7111922
7112679
7114382
7114753
7115618
7115769
7115835
7118608
7121435
7121960
7122151
7123561
7129763
7130969
7132199
7132256
7132898
7133050
7133678
7133708
7134133
7138027
7138105
7139036
7139693
7139806
7143734
7144077
7144617
7147151
7147328
7147483
7148252
7149128
7151482
7152549
7154238
7154593
7155605
7156937
7157847
7158337
7158874
7159254
7161774
7161848
7161924
7162133
7162241
7162341
7162565
7162692
7163716
7164294
7164842
7166423
7167783
7168556
7168585
7169267
7171264
7171686
7172164
7175415
7175467
7176677
7177140
7179880
7180672
7181285
7184774
7185365
7186277
7187411
7187652
7188484
7188974
7189652
7190178
7191555
7191785
7193101
7194510
7194986
7197539
7198904
7199088
7199695
7201152
7201349
7201381
7201820
7202072
7204893
7204922
7205130
7206093
7207602
7208857
7209003
7210456
7210758
7210814
7211476
7211837
7211860
7212286
7212398
7212688
7212859
7213129
7213566
7213994
7214581
7214695
7215674
7219597
7221455
7222394
7222760
7223244
7226560
7227780
7228341
7228947
7229352
7229494
7231111
7231520
7233468
7233502
7234223
7238021
7238236
7240327
7241968
7241995
7242799
7244477
7244843
7248900
7249693
7249975
7250643
7251620
7251918
7252395
7252600
7254035
7255282
7256296
7256784
7257244
7260412
7262374
7262750
7262896
7265922
7266094
7266704
7269255
7270509
7270559
7271219
7271456
7271847
7273056
7273886
7275405
7276346
7276531
7276592
7285254
7285269
7285540
7286252
7286367
7287815
7288323
7288659
7290086
7291734
7292457
7293840
7294964
7295390
7296923
7297918
7298246
7298498
7299601
7302699
7305094
7306934
7307111
7307160
7308722
7312457
7314521
7315232
7315508
7318714
7321594
7323099
7323980
7326732
7328358
7328748
7329145
7331642
7333147
7335835
7335905
7336285
7336892
7338040
7338589
7340533
7341091
7341235
7345272
7346410
7346551
7347126
7347470
7347784
7347947
7349753
7350798
7350983
7351208
7351426
7352755
7353142
7353315
7354013
7354530
7355781
7356416
7357078
7357683
7358619
7359587
7359592
7361184
7361195
7361349
7365549
7365656
7366510
7370076
7370252
7371264
7372146
7373767
7374540
7374563
7376695
7376985
7377000
7377197
7379666
7379692
7379918
7381906
7383362
7384546
7385538
7386964
7387938
7388614
7390003
7392530
7393469
7394073
7396031
7396270
7396419
7396562
7397623
7399870
7401906
7402933
7403491
7404367
7405458
7405763
7405978
7406563
7409290
7409388
7414809
7415022
7415106
7415988
7416307
7416469
7417658
7417772
7419917
7420416
7420722
7422558
7423066
7423464
7423515
7423822
7424753
7425379
7426764
7426886
7427977
7430016
7431493
7431672
7432399
7433796
7434955
7435320
7435602
7436717
7439003
7441216
7441256
7441322
7441528
7441930
7442959
7443365
7443505
7444960
7446062
7446227
7447345
7447950
7448322
7449280
7450087
7451452
7452066
7453267
7458454
7459151
7460156
7460795
7462161
7463046
7464092
7464738
7466386
7466550
7466881
7467590
7468033
7468361
7470184
7470425
7471640
7472130
7472370
7473734
7474428
7475285
7477268
7477969
7478672
7479292
7479507
7479532
7480191
7480735
7482098
7483059
7483463
7483472
7483754
7485370
7486855
7486913
7488003
7488387
7488767
7488813
7489982
7490722
7491562
7493127
7493599
7495314
7498960
7499492
7500544
7501400
7502177
7503361
7505906
7506428
7507515
7507916
7509296
7511213
7513239
7513725
7514375
7514957
7515425
7516142
7516192
7519270
7519353
7519374
7519692
7520787
7523143
7524281
7525433
7525575
7526598
7527248
7528373
7528904
7529987
7530317
7530592
7532918
7533462
7534386
7536813
7537226
7538207
7538277
7539408
7540598
7541768
7544153
7544729
7546415
7547221
7547288
7548349
7549283
7550851
7551134
7552248
7554066
7554963
7555022
7556709
7557202
7557983
7558104
7559241
7560523
7561797
7563692
7563800
7563808
7564847
7564915
7568289
7568694
7569548
7570916
7571259
7572416
7572449
7575546
7576108
7576271
7576532
7576816
7579045
7579569
7579768
7579921
7580947
7581308
7581750
7581756
7581967
7582477
7583475
7584462
7584551
7585092
7589934
7590073
7591446
7592024
7592454
7593341
7596350
7596454
7598207
7598766
7599860
7600856
7601145
7601682
7602587
7602973
7604227
7605202
7605439
7609822
7612611
7612700
7613124
7614769
7614953
7617983
7618621
7618875
7619481
7620786
7620838
7621204
7622039
7622536
7622563
7622790
7625422
7625563
7628290
7629251
7629348
7630826
7632666
7632686
7632905
7633167
7633572
7634482
7635753
7636398
7638849
7639712
7640256
7640675
7641970
7643116
7643209
7644175
7644728
7645282
7647313
7647992
7648833
7650880
7651867
7654061
7654447
7654612
7654700
7654894
7656709
7662239
7662360
7662491
7665098
7670039
7670091
7670858
7671322
7671802
7671912
7674366
7674517
7675444
7675759
7675902
7677001
7677109
7677478
7678595
7678893
7679401
7679864
7680536
7681088
7681562
7682585
7683072
7683225
7686026
7687516
7689215
7691102
7691713
7692947
7693726
7694365
7695585
7698004
7700727
7701329
7701378
7702802
7702823
7703315
7703878
7704493
7704522
7706587
7706778
7711013
7711919
7713965
7715967
7717220
7718030
7719103
7719921
7720080
7720290
7720398
7722806
7723359
7725863
7726140
7726747
7727191
7728056
7730162
7730729
7730821
7731267
7731513
7734105
7734152
7734184
7736014
7737267
7738125
7740283
7740570
7741429
7742631
7745579
7746131
7746184
7746567
7749947
7753922
7755449
7755484
7756219
7756272
7756450
7756520
7756748
7758085
7758434
7758814
7759194
7759683
7762414
7762524
7762880
7763562
7764308
7764963
7765263
7766341
7766692
7766709
7767407
7770634
7771077
7771433
7771459
7771912
7772777
7773983
7775235
7775648
7779262
7779294
7781763
7784271
7785407
7787512
7788705
7790005
7791970
7792755
7794219
7794405
7795957
7797023
7797448
7798728
7798751
7800733
7800872
7802259
7803377
7804552
7805140
7806084
7806299
7807424
7808012
7808578
7808906
7809108
7809937
7810069
7811936
7813306
7814935
7815213
7815352
7816025
7816063
7816427
7816929
7817810
7820909
7821240
7822342
7827101
7831536
7831599
7832197
7833216
7835852
7836985
7837967
7838429
7839346
7840152
7841343
7841718
7841830
7846648
7847624
7847822
7851228
7851384
7851699
7851753
7851948
7854609
7854689
7854857
7855191
7855738
7857785
7860998
7861273
7861418
7862883
7863418
7864425
7864604
7866635
7868319
7873137
7873550
7877229
7878220
7878954
7878985
7879507
7883095
7884138
7884471
7884512
7887510
7888051
7889370
7889641
7892671
7892754
7894492
7894659
7894828
7896439
7897077
7899542
7899660
7900768
7900874
7901200
7901481
7903114
7903183
7904812
7905385
7907531
7908697
7909022
7909156
7909278
7910732
7910979
7911514
7911670
7912076
7913031
7913867
7915031
7915453
7915555
7916048
7918062
7918335
7919597
7919658
7921062
7921196
7922396
7923526
7926249
7926973
7927275
7927433
7927590
7928895
7928922
7930016
7930839
7930994
7931158
7931322
7933932
7934013
7935091
7935123
7935368
7935820
7938188
7938551
7940376
7940975
7942333
7944013
7945352
7945688
7949043
7950065
7950404
7950849
7954331
7954856
7955537
7959440
7960319
7960758
7962307
7962742
7965646
7966763
7967597
7967794
7970307
7971855
7972637
7973831
7974585
7974971
7975092
7975808
7975965
7977017
7977545
7978129
7978266
7978467
7979804
7980283
7985486
7986303
7986668
7987637
7991139
7991377
7992629
7993279
7994162
7995356
7995799
7996109
7997163
7997888
8000315
8000332
8001775
8003700
8003862
8004089
8004490
8005904
8006571
8006943
8007432
8008799
8009225
8009300
8009828
8010163
8012443
8013737
8016087
8017140
8021187
8021263
8022640
8023510
8023713
8028096
8028241
8028414
8029548
8030808
8030964
8031364
8031592
8033766
8033845
8034200
8034464
8034741
8035621
8035862
8036542
8037797
8038163
8038520
8039877
8040216
8044395
8044846
8046786
8048019
8048183
8048392
8049296
8051459
8051600
8052043
8052931
8053541
8053797
8059092
8060783
8060895
8061223
8061237
8063462
8064555
8064859
8065641
8067620
8069220
8070307
8071031
8071909
8073700
8076124
8077590
8077877
8078618
8080179
8080830
8081199
8082663
8083751
8083764
8083921
8084055
8085496
8086612
8086755
8087299
8087587
8087941
8089554
8090049
8092178
8094407
8096201
8098878
8098930
8100456
8102692
8104600
8107511
8108688
8110917
8111086
8111152
8112525
8112709
8112905
8117246
8117446
8123967
8124018
8124386
8124601
8125650
8126046
8126474
8126951
8127009
8129893
8130794
8134008
8134608
8134769
8134906
8135278
8135768
8137545
8139334
8142492
8142797
8142852
8144040
8146179
8146215
8147023
8148840
8149341
8149442
8150876
8151496
8152219
8153163
8155296
8155929
8156882
8157081
8157195
8157434
8158191
8158583
8158651
8160081
8160408
8160562
8160676
8162735
8163339
8164066
8164075
8165947
8166938
8167168
8167440
8168579
8169330
8170100
8171396
8173366
8174691
8174722
8175022
8175133
8175228
8175834
8176111
8177010
8179354
8183161
8185154
8185805
8187218
8187825
8187924
8188613
8188910
8189750
8190612
8190853
8192166
8196411
8196505
8200624
8201023
8201120
8201500
8202643
8204528
8204933
8205923
8206607
8206734
8208910
8208945
8209261
8209387
8209422
8209993
8210456
8213794
8214131
8214318
8215705
8217933
8218273
8220045
8221748
8221965
8223332
8224152
8224416
8227583
8228200
8230464
8234505
8234631
8238048
8239956
8240577
8241534
8241862
8241900
8242597
8243433
8243754
8245509
8245842
8247457
8247502
8248544
8249744
8250660
8250758
8251309
8252209
8252271
8254303
8254669
8256146
8256209
8257007
8258729
8260712
8261229
8262838
8263270
8263278
8264213
8264694
8265079
8265261
8265491
8266009
8269311
8270896
8273667
8273873
8275651
8277365
8280452
8282915
8283207
8283406
8283804
8283949
8284920
8285129
8285267
8286265
8287172
8287762
8288024
8288032
8288317
8290102
8290530
8291538
8291689
8292853
8293040
8293566
8294327
8294754
8296057
8299398
8299485
8304606
8304749
8304925
8308762
8308870
8309707
8310056
8310825
8312663
8313173
8313372
8313862
8314582
8314743
8314750
8315478
8315663
8316560
8316623
8317372
8319407
8320300
8320835
8321657
8322389
8322898
8323485
8323833
8324308
8326700
8328060
8328511
8329295
8330779
8331055
8331418
8331668
8333928
8334574
8335478
8335885
8337144
8337349
8337931
8338062
8338291
8339610
8339858
8341072
8341662
8343156
8343505
8345444
8346264
8346917
8347292
8347390
8347853
8348407
8349268
8349877
8350091
8350699
8352471
8353842
8354120
8354602
8357319
8357929
8358459
8361172
8361379
8361772
8364949
8365544
8366964
8367008
8367223
8367566
8368352
8368803
8368836
8368934
8370120
8370480
8371684
8372165
8372420
8373199
8373409
8373636
8374299
8375994
8376742
8377746
8381675
8381697
8382234
8383464
8385366
8385480
8387841
8387917
8388324
8388695
8389469
8389760
8391415
8392597
8393018
8393037
8393706
8395506
8396197
8396354
8397111
8397496
8399939
8401349
8401362
8401369
8401486
8401939
8402466
8403788
8403840
8404714
8406605
8406650
8406778
8407706
8409612
8412126
8413863
8414357
8414947
8418649
8421724
8421915
8422254
8422633
8423132
8423484
8426454
8427378
8430268
8431483
8433155
8433935
8434245
8435564
8435740
8435949
8436138
8436514
8438008
8439547
8441243
8441557
8442742
8444037
8444787
8445041
8445458
8447157
8448240
8448253
8449294
8449545
8449654
8450590
8451014
8451581
8451725
8452633
8452656
8452913
8453386
8453979
8454925
8455448
8456798
8461148
8461866
8461868
8462358
8463682
8463793
8466310
8466937
8468401
8469854
8470473
8470828
8471126
8471502
8473402
8475990
8476523
8477840
8478112
8478827
8479308
8480076
8480294
8480340
8480371
8480384
8481915
8482047
8483784
8484730
8485579
8488397
8488426
8488630
8488735
8489735
8490799
8490936
8491480
8493212
8493218
8493399
8493581
8493980
8494454
8495203
8496761
8497808
8498788
8499610
8499707
8502638
8503916
8504464
8506871
8509237
8509369
8509475
8509619
8509869
8510206
8510347
8514498
8514879
8515061
8515477
8516687
8517992
8518829
8521429
8523227
8525203
8530868
8531597
8531615
8531759
8533818
8534425
8534442
8536100
8538890
8539245
8539685
8539698
8543077
8543840
8545206
8546445
8548729
8550414
8550748
8550849
8550852
8553679
8553798
8555627
8555830
8556330
8556697
8556751
8557235
8558262
8558693
8559276
8562521
8562858
8563973
8564556
8564876
8567413
8567926
8568657
8570145
8570593
8571535
8576092
8577054
8577897
8578058
8578330
8578348
8578664
8578782
8580436
8580618
8581164
8581519
8581536
8583624
8584848
8587904
8588096
8588315
8588847
8589128
8589924
8590472
8593235
8596462
8600863
8602009
8602179
8602787
8603264
8606020
8608657
8611271
8612894
8614023
8614475
8614807
8616054
8616348
8617117
8619797
8620300
8620391
8621382
8621418
8622116
8624470
8626967
8632057
8632834
8634657
8634892
8635693
8636565
8637370
8637992
8638099
8641525
8644358
8645079
8645688
8645712
8647657
8648417
8649209
8649876
8650169
8650877
8650953
8651235
8651760
8652080
8653300
8653493
8654217
8657014
8658428
8659637
8661849
8662066
8664574
8664812
8664906
8665792
8666154
8667016
8667553
8671077
8671878
8673218
8673831
8675547
8675556
8676469
8677370
8679118
8680586
8680786
8680918
8684359
8684817
8685439
8687814
8687864
8690287
8690495
8694263
8696349
8696901
8697184
8697687
8698339
8698405
8698902
8700912
8701395
8702771
8703543
8704174
8704187
8705844
8706267
8706341
8706389
8707257
8708189
8708252
8708971
8709561
8710626
8712896
8712961
8713396
8713573
8714879
8716407
8717130
8717211
8717392
8717830
8719123
8720809
8722777
8723948
8724571
8725052
8726254
8727393
8727997
8728040
8729593
8732056
8733585
8734594
8735962
8736212
8736757
8738303
8739018
8739436
8739499
8740802
8741743
8742535
8743749
8745073
8745522
8745707
8745788
8746068
8746872
8746895
8746965
8747670
8747735
8748186
8749368
8751985
8753212
8754181
8754767
8755507
8757438
8758132
8760391
8762241
8762517
8763947
8764575
8765011
8765643
8765757
8766403
8768163
8768391
8769815
8771180
8771471
8771651
8772561
8774644
8776191
8776538
8779080
8779215
8782437
8786459
8786745
8787350
8788017
8788072
8788580
8788953
8789839
8790177
8790221
8790360
8791634
8791960
8793917
8795431
8796770
8798171
8800634
8800751
8801008
8802910
8803101
8803871
8805058
8807616
8809934
8811388
8813122
8816311
8816933
8817052
8817192
8817589
8819597
8821415
8822111
8824624
8825674
8826586
8827237
8828478
8829941
8831449
8832599
8832722
8834737
8835826
8836355
8836447
8837570
8838680
8840699
8841915
8843044
8843995
8845211
8845513
8846092
8846149
8847100
8847168
8850591
8850850
8851038
8852347
8852832
8854531
8855266
8856978
8858315
8861700
8864910
8866241
8867968
8868096
8872789
8873827
8874190
8874987
8875433
8875465
8880333
8881105
8881200
8882656
8882691
8882810
8882963
8883354
8883877
8884932
8885515
8887163
8890317
8890548
8890713
8895221
8895687
8899374
8902492
8903265
8904547
8904833
8908728
8912908
8913192
8913319
8914158
8914770
8915442
8916124
8916487
8916990
8917757
8917870
8918353
8920381
8920549
8920570
8921422
8924335
8925536
8925784
8927617
8931063
8931099
8933197
8933541
8934032
8934134
8935964
8935971
8936278
8936866
8938842
8939144
8939642
8939660
8939740
8939814
8941414
8945127
8946740
8947840
8950845
8950994
8951948
8952328
8953607
8954562
8955104
8956573
8958998
8962333
8963307
8964346
8965257
8965908
8966863
8970213
8971142
8971900
8972127
8972686
8973217
8975484
8975594
8978058
8979792
8979934
8981695
8981863
8982316
8982486
8983587
8983751
8985287
8985377
8985390
8985855
8987882
8988908
8989343
8990183
8991523
8995154
8995499
8996529
8996762
8997660
8999120
8999672
9000948
9002752
9002764
9003648
9003904
9005269
9005617
9006320
9007134
9008243
9008709
9011317
9011788
9011864
9012584
9012795
9013001
9013328
9014552
9014795
9016356
9016886
9018149
9020149
9020163
9020311
9022132
9022483
9025299
9027318
9030140
9033002
9034077
9035600
9035834
9035942
9037027
9037270
9037977
9040295
9041394
9043698
9043929
9044159
9044875
9045445
9045786
9046309
9047861
9048330
9048419
9049076
9049126
9051719
9053575
9054056
9057107
9057472
9057506
9057631
9058331
9059453
9060256
9060392
9060473
9062712
9062813
9063636
9063836
9063880
9064339
9064444
9064618
9065765
9067003
9067609
9067986
9068333
9071600
9071664
9072248
9072723
9074474
9075931
9076338
9079141
9080817
9081876
9081911
9082133
9084160
9084529
9084849
9085762
9087073
9087186
9087234
9089210
9091445
9091488
9094412
9094648
9094826
9097498
9099218
9101001
9101478
9101927
9102402
9103232
9103838
9103859
9104029
9104229
9104471
9104680
9104825
9105000
9109036
9112269
9112389
9113657
9114053
9114494
9114844
9115691
9116762
9119835
9120920
9121047
9121138
9121868
9122653
9123245
9124677
9125187
9125199
9126127
9128051
9128415
9129277
9130127
9132343
9133199
9133364
9133594
9133626
9134178
9135127
9137661
9137756
9137880
9137941
9139196
9139483
9139618
9139793
9140463
9140899
9141364
9142359
9143732
9147921
9147967
9148382
9150653
9151639
9153071
9153148
9154169
9155068
9155843
9156767
9157019
9157496
9158488
9158844
9160439
9163111
9166862
9167316
9168695
9171551
9171552
9172774
9173214
9173922
9174002
9176139
9176310
9177394
9178026
9179079
9179227
9183207
9183714
9184519
9186935
9187966
9188161
9189121
9189409
9189940
9191613
9192206
9192870
9193589
9194212
9194744
9196761
9197569
9200935
9202655
9202670
9203176
9204497
9204691
9205232
9205835
9206331
9207932
9207952
9208578
9210611
9215477
9215550
9217318
9218886
9220325
9221604
9221742
9222086
9223424
9224503
9224734
9226956
9227664
9229355
9229670
9232408
9233175
9234481
9234520
9234996
9236112
9237059
9237486
9238293
9238503
9238731
9238756
9241074
9241529
9243630
9243806
9243818
9243865
9245188
9248224
9250035
9251640
9253435
9253445
9253703
9253997
9254815
9254916
9255703
9255713
9255880
9257798
9258603
9260243
9260903
9261569
9261651
9265333
9265354
9265392
9266235
9267338
9268613
9268992
9269275
9270851
9271163
9272233
9272750
9273045
9273219
9273909
9275393
9275778
9277023
9278481
9278779
9279748
9279951
9280066
9280714
9281679
9283008
9283511
9283642
9284817
9285653
9286796
9288200
9288339
9289007
9290084
9290330
9297352
9297704
9298294
9301639
9301899
9303769
9304348
9308112
9308591
9310430
9310649
9310681
9312587
9313278
9313326
9314089
9319985
9320552
9321150
9321437
9322014
9322394
9322692
9324834
9325045
9326013
9327034
9328307
9328359
9328488
9328746
9330664
9332987
9333187
9333253
9334102
9334261
9335118
9335853
9336025
9338425
9338502
9338712
9339153
9339264
9339635
9344531
9345297
9347557
9349852
9350503
9350522
9351572
9351584
9351648
9352709
9354431
9354814
9356325
9356417
9356520
9356752
9357213
9360871
9361602
9362463
9362603
9364726
9366673
9368425
9368486
9370005
9370569
9373267
9373319
9374221
9376034
9376724
9378017
9378903
9379771
9387852
9389719
9389764
9390335
9390513
9392468
9392545
9392737
9393252
9393408
9394138
9394830
9395769
9397320
9397333
9398203
9398626
9399356
9402480
9404068
9405263
9407200
9407334
9409063
9410563
9411264
9411799
9412491
9412973
9413116
9414190
9415904
9416060
9417271
9417576
9418296
9418616
9418718
9421675
9422046
9422552
9422772
9422838
9422910
9423274
9423756
9424093
9425375
9425917
9428738
9430252
9430581
9430609
9430686
9433769
9434134
9434649
9434984
9435036
9435093
9436043
9436264
9436880
9438334
9438792
9441074
9441348
9443231
9443518
9444000
9445864
9446105
9447815
9448283
9448290
9448858
9450144
9450847
9451796
9452450
9454714
9455017
9455801
9456054
9457367
9457846
9458032
9458103
9459455
9459781
9461024
9462027
9462367
9462845
9464060
9467512
9468278
9469135
9469186
9469807
9470035
9471469
9472296
9473452
9474530
9476111
9478934
9478972
9479703
9484648
9487443
9487491
9489254
9490591
9491156
9492250
9492599
9493661
9494585
9494615
9495595
9496541
9496978
9497516
9498011
9500718
9501120
9501367
9504207
9507265
9507428
9508616
9509766
9511251
9511957
9512488
9513647
9516479
9518316
9519514
9519740
9520142
9520864
9521419
9521567
9521804
9522185
9523097
9526798
9528045
9528751
9529033
9530104
9532906
9536278
9536428
9538818
9539373
9539539
9539845
9539851
9540938
9543435
9544610
9545220
9545863
9547209
9547749
9547916
9548167
9548957
9550085
9550661
9555103
9555829
9556578
9556698
9557401
9558875
9561252
9562365
9562467
9567333
9567439
9567675
9567926
9568803
9569655
9570279
9573496
9577630
9577781
9578433
9578473
9579659
9579759
9582054
9582778
9584356
9585789
9587432
9588517
9588754
9589567
9589591
9591911
9592202
9592578
9594680
9595196
9595211
9595779
9596117
9596780
9598709
9598913
9600656
9601262
9601629
9604130
9604490
9604565
9606083
9608628
9608771
9609783
9610255
9610653
9612145
9613217
9614102
9614533
9615824
9618114
9618316
9619373
9621309
9622720
9623226
9623422
9623837
9626641
9627500
9628380
9628471
9629699
9629896
9634029
9634395
9634777
9635549
9636522
9638619
9641398
9643756
9643906
9645728
9647939
9650129
9651308
9652731
9652973
9653569
9657004
9658222
9659147
9659546
9660892
9661860
9662832
9662950
9663094
9663751
9663927
9664044
9664187
9665176
9665245
9665730
9666403
9666447
9667147
9667185
9668159
9670297
9670416
9673192
9673369
9673533
9673778
9674768
9675677
9675840
9676519
9677302
9679871
9680044
9681894
9682709
9683228
9686089
9686384
9686794
9687131
9689012
9689710
9691019
9692771
9693343
9693407
9693642
9694488
9694840
9694855
9696005
9698132
9698197
9698862
9699285
9699469
9699658
9699794
9701179
9701310
9701676
9702312
9702591
9703289
9704811
9704939
9705673
9705999
9706738
9706760
9706774
9709668
9709840
9710807
9711391
9713192
9714826
9715271
9716241
9716401
9716678
9717556
9718771
9719755
9721146
9721966
9723533
9725449
9725736
9726044
9726344
9726459
9727153
9727963
9728069
9728148
9729031
9729830
9730678
9731069
9732560
9734481
9736187
9736371
9737014
9740197
9740562
9742544
9743000
9743260
9749401
9751984
9752950
9753449
9754074
9754919
9755420
9755444
9756320
9757125
9758217
9758218
9758547
9760753
9761018
9761231
9761285
9762183
9762678
9763270
9763383
9764769
9765508
9766885
9767421
9767477
9768553
9768956
9768987
9773915
9775773
9777649
9778298
9779621
9779903
9779999
9780911
9781122
9783067
9784194
9787643
9788151
9788567
9789484
9789538
9791994
9792604
9792686
9793795
9794430
9794505
9794733
9794836
9795488
9796891
9797352
9799845
9801420
9802287
9803709
9804856
9804950
9805743
9808958
9811833
9812738
9812959
9813527
9814089
9814287
9814986
9815146
9815520
9817625
9818800
9819093
9819260
9821087
9822877
9823891
9825903
9826026
9826680
9828047
9830659
9831497
9832718
9833587
9835211
9835666
9838808
9840053
9841204
9841573
9841674
9842441
9842601
9844672
9845298
9847702
9848839
9849937
9851562
9853106
9853184
9853219
9853619
9853844
9853940
9855097
9856684
9857532
9858270
9859997
9860970
9861044
9861392
9863078
9863293
9863500
9864928
9866763
9866861
9867102
9869698
9870336
9870832
9871732
9871831
9872006
9876220
9876614
9877425
9878447
9878453
9880009
9880108
9880535
9880736
9882494
9885266
9887447
9887900
9887927
9889590
9889742
9891862
9892796
9894738
9894907
9895365
9896923
9899884
9900044
9900370
9900380
9902686
9903138
9904991
9905148
9906116
9906535
9908430
9909382
9909516
9910475
9910927
9911961
9912603
9913027
9913261
9913573
9914189
9916031
9916861
9918101
9919241
9919525
9919907
9919926
9921060
9922885
9925313
9925593
9926065
9927277
9929489
9930688
9930752
9933369
9933768
9934162
9935453
9937526
9939812
9941145
9943004
9944409
9945613
9946204
9946845
9947355
9948611
9950962
9951720
9952132
9954784
9955132
9956277
9957762
9958333
9958923
9958946
9959123
9959420
9959551
9959646
9960192
9961459
9962236
9962438
9963209
9963518
9964126
9964930
9968060
9968556
9968603
9969585
9971741
9973317
9974018
9974175
9975000
9976408
9976495
9978325
9978442
9978652
9979211
9979681
9982138
9982176
9982758
9983830
9983886
9985602
9987248
9993323
9993592
9995063
9997561
9999215
